# xBar, yBar, srn, vbin, sbin, er_vbin,er_sbin
  0.000000   0.000000  48.335644 1454.557396  54.533630   1.075532   1.818933
  0.000000  -0.050000  45.842521 1451.811231  55.219755   1.647894   1.531432
 -0.050000  -0.050000  45.613142 1452.080725  53.062825   1.318772   1.730896
 -0.050000   0.000000  47.528992 1455.401505  52.436457   1.122001   1.553618
 -0.050000  -0.100000  41.899178 1451.799461  51.145611   1.154934   1.631725
  0.000000  -0.100000  40.961453 1450.238390  52.590841   1.476500   2.050073
 -0.100000  -0.050000  42.480323 1453.070839  49.791681   1.356378   1.653154
 -0.100000   0.000000  42.573582 1456.597813  48.654246   1.408488   1.907643
 -0.100000  -0.124152  40.158529 1452.722158  46.520600   1.459495   1.745196
 -0.050000  -0.174018  37.450243 1450.271109  44.646704   1.637219   1.885895
  0.000000  -0.150000  36.873742 1450.732121  48.516603   1.484424   2.034679
  0.050000  -0.100000  40.692794 1448.654668  53.096525   1.361617   1.765924
  0.050000  -0.050000  46.015169 1450.974168  55.079026   1.244721   1.716546
  0.050000  -0.150000  37.544361 1448.738319  50.567220   1.694828   1.984142
  0.000000  -0.223781  35.804430 1447.651544  43.943570   1.725753   2.249498
 -0.100000  -0.224175  36.137544 1448.749218  38.536891   1.560476   2.179136
 -0.173757  -0.100000  36.502520 1455.287764  43.361332   1.398880   1.843733
 -0.150000  -0.174490  37.941524 1452.509366  40.978393   1.444988   1.799572
 -0.173475  -0.050000  38.025532 1456.545875  45.164601   1.599076   1.923336
 -0.050000  -0.273899  35.619733 1447.644963  39.385949   1.671664   2.235580
  0.050000  -0.223759  37.833714 1446.286322  45.889708   1.741621   2.068939
 -0.200000  -0.174674  36.632711 1455.709131  42.429256   1.678462   2.039143
 -0.174277  -0.250000  34.596954 1453.047007  39.495532   1.698240   2.246665
 -0.100000  -0.324024  34.572353 1449.102015  40.695586   1.629995   1.982094
  0.000000  -0.324035  35.361173 1449.133896  43.756992   1.776671   2.066564
 -0.150000  -0.324070  36.280296 1449.629386  40.784305   1.740131   2.162201
  0.100000  -0.173874  37.419486 1445.609647  48.107685   1.357053   1.938414
  0.050000  -0.324015  35.791430 1447.856066  44.743856   1.875761   2.314211
 -0.050000  -0.373977  34.573181 1449.052395  41.050985   1.623423   2.397663
  0.123933  -0.250000  33.918970 1443.790188  43.390206   1.711060   2.201710
  0.100000  -0.100000  37.264447 1448.520762  50.493083   1.451596   2.117047
  0.100000  -0.323945  34.797322 1445.940680  41.626871   1.635479   2.334705
 -0.200000  -0.324073  35.893691 1451.226032  40.096825   1.670708   2.124591
  0.173222  -0.200000  33.799835 1444.001566  41.233568   1.676431   2.346343
  0.173115  -0.150000  36.102922 1447.456659  48.204887   1.706517   2.017023
  0.100000  -0.050000  42.511118 1450.552955  53.129481   1.225264   1.756862
  0.172819  -0.100000  35.949460 1450.067642  47.345028   1.575183   1.883248
  0.050000   0.000000  47.344123 1453.070840  53.646046   1.319776   1.542148
  0.150000  -0.324013  34.197971 1444.566560  40.262129   1.701197   2.478996
  0.000000  -0.423872  33.641135 1448.643737  42.199534   1.968192   2.370076
  0.050000  -0.423952  32.706436 1447.735585  41.243341   1.686990   2.336881
 -0.100000  -0.423802  34.468699 1449.565948  42.981095   1.891079   2.326641
  0.223783  -0.250000  32.144978 1443.528736  41.397317   1.670137   2.065448
  0.115549  -0.432130  30.946788 1449.446072  42.089383   1.896179   2.506881
  0.215514  -0.332211  31.743438 1444.871682  42.436732   1.851799   2.587794
  0.181893  -0.415521  34.227383 1448.458015  42.445235   1.667272   2.027252
 -0.050000  -0.473674  36.339361 1451.947557  45.110736   1.494047   2.503306
 -0.150000  -0.423938  33.394496 1450.812098  44.128208   1.474824   2.161673
  0.172230  -0.050000  38.798379 1450.980225  49.266250   1.377898   1.762402
  0.250000  -0.174144  34.689999 1444.717740  42.633122   1.875504   2.079438
  0.282252  -0.315740  31.196517 1445.288030  40.673079   1.824140   2.683749
  0.100000   0.000000  42.958374 1452.616770  51.440163   1.363944   1.683515
  0.016961  -0.515631  34.074077 1450.713518  43.923336   1.778460   2.166797
  0.116508  -0.515992  32.583813 1447.548971  41.635407   1.652298   2.292291
  0.265629  -0.432367  31.386720 1446.263017  42.848230   1.893458   2.168361
  0.333339  -0.232691  31.188783 1444.865831  39.709208   1.722716   2.177570
  0.250000  -0.074135  35.687519 1448.675280  45.211446   1.488546   2.279301
  0.316766  -0.165958  33.352763 1444.251810  42.611776   1.703082   2.121059
  0.171773   0.000000  39.856844 1453.470151  48.233029   1.644922   1.990130
  0.324622  -0.100000  34.719766 1447.914240  40.853065   1.607180   2.229780
  0.332809  -0.415893  29.480869 1444.963418  43.011555   1.932785   2.619995
  0.216316  -0.516250  30.810524 1449.772803  42.730691   1.920144   2.251345
  0.366470  -0.332923  30.315385 1444.214104  39.473983   1.937944   2.484003
  0.033642  -0.582349  32.823224 1451.282102  44.026926   1.878768   2.132398
  0.165486  -0.582014  32.508489 1449.277394  43.746131   1.753155   2.743383
 -0.117119  -0.515596  34.100669 1449.648925  41.575544   1.673959   2.091058
 -0.066151  -0.582304  35.359048 1449.363059  42.220685   1.692947   2.264083
 -0.200000  -0.424152  33.606382 1452.643669  44.400933   1.586020   2.254561
  0.083347  -0.632599  30.678571 1451.355307  41.306751   1.960764   2.593049
  0.324660  -0.524149  29.443122 1444.753857  40.822328   2.004148   2.695163
  0.265577  -0.582161  28.943810 1449.600404  45.215231   2.142679   2.653357
  0.432811  -0.316187  30.764053 1440.892933  36.147180   1.791565   2.402297
  0.433233  -0.232915  30.362021 1444.543027  38.550532   1.690247   2.563668
  0.415954  -0.432371  28.801244 1443.423088  40.241217   2.070744   2.698728
  0.416558  -0.165889  33.259571 1445.000161  34.672862   1.952517   2.153823
  0.324471  -0.050000  32.944817 1446.911492  38.224992   1.727575   2.190994
  0.250000   0.025537  37.889760 1453.464930  42.156123   1.404435   2.051217
  0.100000   0.050000  42.748249 1454.672856  49.865767   1.273581   1.673476
  0.150000   0.050000  39.760870 1455.456458  47.931771   1.307821   1.774674
  0.432996  -0.083189  33.743163 1448.004022  35.943194   1.687861   2.191949
  0.324379   0.000000  34.759240 1449.783758  39.009311   1.641387   2.062100
  0.050000   0.050000  46.999788 1455.473866  50.822544   1.152461   1.767181
  0.200000   0.074487  36.695202 1456.632834  44.405668   1.500971   2.066897
  0.482142  -0.415569  31.358932 1442.341250  38.738925   1.798562   2.548161
  0.424646  -0.524350  28.391770 1447.323801  42.820830   2.120147   2.965281
  0.416269  -0.016499  33.955366 1449.732102  36.776129   1.875403   2.384861
  0.524153  -0.324673  29.378682 1441.768241  38.688211   1.922382   2.688946
  0.524149  -0.224469  31.008606 1443.953650  38.167430   1.870304   2.337559
  0.324321   0.050000  35.184485 1450.452913  38.615170   1.486935   1.925331
  0.000000   0.050000  46.841822 1456.929668  51.746203   1.303117   1.561205
  0.524014  -0.124011  29.481495 1447.859448  39.035915   2.072314   2.381830
  0.166500  -0.665966  31.244412 1449.884159  42.483079   1.912432   2.517746
  0.375081  -0.624413  27.389022 1442.836962  38.852583   2.123037   2.671170
  0.237145  -0.698198  29.662209 1448.052971  42.557903   2.296799   2.673547
  0.319519  -0.708157  27.876333 1444.170229  44.997179   1.847635   2.471634
 -0.033075  -0.666007  32.015529 1450.188137  44.146150   1.797883   2.200852
  0.524375  -0.524437  25.907689 1443.304132  38.149626   2.523577   2.786948
  0.573965  -0.424405  29.786470 1441.181195  37.212367   1.994266   2.336640
  0.074243  -0.723913  28.643231 1448.238195  43.397970   1.981386   2.299897
  0.474310  -0.624341  29.004894 1445.430450  40.884623   2.077041   2.811181
 -0.182751  -0.565536  33.062218 1451.047990  42.552265   1.683561   2.559852
 -0.016420  -0.732564  29.162815 1447.714449  39.551116   2.143043   2.706286
 -0.233570  -0.482595  33.493578 1450.381313  39.697477   1.704095   2.079293
  0.174569  -0.773942  26.788322 1449.524986  47.061416   1.872351   2.751840
 -0.133638  -0.632542  33.367638 1448.482792  45.731848   1.587944   2.282123
 -0.250000  -0.374309  35.725292 1452.185221  40.845459   1.627966   2.374146
 -0.274458  -0.300000  32.388108 1452.811593  38.682992   1.765501   2.462966
 -0.250000  -0.224682  35.159259 1455.218084  40.815097   1.433982   1.923486
  0.424678  -0.723920  26.462344 1448.488540  42.559747   2.395694   2.726488
 -0.116205  -0.732511  29.678812 1447.463045  40.433889   1.762545   2.417682
  0.624060  -0.324556  29.427750 1439.437716  36.107352   2.291104   2.843346
  0.616015  -0.166554  28.513560 1446.197093  34.907141   1.836736   2.456745
  0.648100  -0.237159  29.401338 1444.440120  36.582624   2.088562   2.462186
  0.515697  -0.032556  29.703087 1449.259525  34.837796   1.718760   2.405614
  0.639937  -0.515171  27.953462 1443.790430  38.322698   2.067141   2.687766
  0.588370  -0.619816  27.623495 1442.335874  35.590153   2.281192   2.634513
  0.230326  -0.858480  27.050885 1450.151250  41.434593   2.240514   2.960232
  0.069743  -0.837653  27.682880 1451.925245  42.300405   2.291810   2.870741
  0.324854  -0.848808  27.030664 1441.895391  37.790947   1.808715   2.704943
  0.524565  -0.748392  27.600350 1442.604391  34.918544   2.325325   2.599255
  0.698602  -0.399303  27.853662 1444.423521  37.915023   2.044665   2.918402
 -0.025360  -0.823787  28.239830 1448.999055  40.439218   1.952528   2.521689
  0.142655  -0.926030  27.864196 1448.737333  42.924606   2.147975   3.350325
  0.442861  -0.855173  28.102157 1441.913318  36.555294   2.160445   2.460423
 -0.182831  -0.715914  30.457927 1448.864838  41.496553   1.974263   2.577072
 -0.233485  -0.632486  31.484953 1450.671557  44.258011   1.896446   2.298906
 -0.282466  -0.565285  33.100349 1451.055824  40.290638   1.658561   2.174147
 -0.125059  -0.824022  27.493603 1446.493151  40.966902   1.867549   2.536466
  0.624504  -0.748793  24.363343 1444.490809  37.013798   2.282856   2.736094
  0.707224  -0.641249  25.472255 1441.752886  37.151962   2.347058   2.445927
  0.757060  -0.491254  28.309550 1443.360500  37.758413   2.172332   2.745372
  0.757873  -0.319209  27.281109 1443.279785  38.140294   2.114030   2.712266
  0.623765  -0.074389  30.454224 1446.001636  38.425656   1.860784   2.400089
  0.424184   0.050000  32.529079 1448.617698  36.463346   1.568406   2.181705
  0.728932  -0.188984  27.972156 1446.140964  34.109846   2.185506   2.706696
  0.604755  -0.892273  25.978082 1443.978642  25.041547   2.191411   2.579578
  0.255386  -1.030547  26.230539 1448.738895  37.902097   2.162473   2.960729
  0.362119  -1.002907  28.073883 1447.634236  38.331834   2.080646   2.673675
  0.504761  -0.991986  25.394982 1448.416842  33.958564   2.259238   3.175421
 -0.029893  -0.937819  27.036554 1451.039973  43.564748   2.239508   2.545469
  0.037639  -1.028466  26.632193 1450.605849  43.453500   2.184825   2.824560
  0.754489  -0.755845  25.567258 1443.827142  37.958091   1.845479   2.835799
  0.144043  -1.114051  24.584251 1450.812805  36.293852   2.542590   3.320234
 -0.125284  -0.923915  26.901286 1446.934665  42.481711   2.407287   2.831939
 -0.266088  -0.732589  29.455533 1449.876584  40.245003   2.191478   2.765576
 -0.224787  -0.824202  29.502004 1448.439162  43.267900   1.937460   2.573501
 -0.324784  -0.500000  30.927926 1447.727236  38.670611   1.812857   2.646067
 -0.333352  -0.433090  32.925770 1450.142775  36.464305   1.755012   2.006611
 -0.300000  -0.374549  32.669596 1451.039101  38.707072   1.779655   2.000408
 -0.333667  -0.632379  29.477100 1453.533630  45.189947   2.038273   2.441715
 -0.332922  -0.716162  29.881175 1449.754682  40.432453   1.909409   2.881018
  0.841762  -0.604667  24.726945 1444.139028  47.558321   2.593454   3.107468
  0.856597  -0.407254  25.385776 1442.441232  42.518376   2.459040   2.950484
  0.468697  -1.144477  25.068459 1450.236552  34.246158   2.533813   3.132935
  0.748414  -0.907818  25.531929 1445.881107  29.648100   2.168079   2.844147
  0.279782  -1.228599  23.692507 1445.139065  35.348524   2.330733   3.166966
  0.648142  -1.089888  26.301368 1447.343093  38.664873   2.307192   2.652148
  0.935039  -0.511729  26.746159 1441.103275  38.085163   2.192687   2.674889
 -0.111072  -1.028906  24.735428 1449.808508  40.952711   2.541151   3.160562
 -0.224776  -0.947262  29.408693 1450.902836  39.675713   2.199185   2.670074
  0.027709  -1.267154  23.850542 1449.452796  50.885636   2.781978   3.477143
 -0.119306  -1.165588  23.889702 1448.083686  37.486922   2.588437   2.947798
 -0.324915  -0.824158  28.234047 1452.847520  45.267836   2.282955   2.491372
  0.907286  -0.749126  24.311947 1441.753033  38.112350   2.598367   3.404318
 -0.382169  -0.565315  32.708800 1448.892943  42.467413   1.724448   1.949437
  0.840916  -1.071190  23.770642 1446.421970  40.154810   2.422804   3.510670
  0.923118  -0.905493  25.323255 1444.320395  38.967285   2.361022   2.802064
  0.998211  -0.648076  21.942628 1435.401928  36.900934   2.588629   3.911239
  0.837955  -0.220349  25.772328 1447.233504  39.433534   2.103650   3.179573
  0.917781  -0.306323  26.539939 1446.415185  39.294431   2.105045   2.921475
  0.723740  -0.074576  27.521609 1448.394929  37.479796   1.726689   2.799831
  0.565246   0.017552  29.351265 1448.052075  33.476065   1.814462   2.308813
  0.847191  -0.124909  26.656132 1453.253128  42.455845   2.236696   2.493433
  1.029797  -0.405148  24.949808 1443.683900  39.577332   2.230697   3.314594
  0.482053   0.084003  31.248317 1447.784558  36.599838   1.924072   2.440373
  1.109016  -0.565917  23.648510 1439.001776  36.112026   2.312421   3.331775
  0.632105   0.033891  29.380391 1447.557461  37.394168   1.965693   2.506263
  1.106641  -0.815807  23.474586 1444.193471  39.303972   2.471109   3.656460
  0.723566   0.024864  27.541109 1449.061011  35.965339   2.348590   2.596675
  0.990849  -0.194148  24.970315 1449.379347  40.227743   2.178039   2.795959
  0.324380   0.100000  33.544219 1450.952328  37.842705   1.741356   2.380118
  0.400000   0.124686  33.729085 1448.091681  35.879367   1.696346   2.250129
  0.250000   0.124230  34.138479 1457.490073  41.223324   1.568605   2.165422
  1.115071  -0.276282  22.100470 1453.093996  43.907761   3.014759   3.515068
  0.573128   0.124646  31.722794 1446.151084  37.043668   1.788089   2.048757
  0.847053  -0.025072  29.019254 1449.571153  36.227623   2.008656   2.747692
  0.150000   0.100000  38.116540 1457.690309  46.325487   1.505516   1.704003
  1.088051  -1.026153  20.814650 1445.100531  42.752282   2.898165   3.128394
  0.673245   0.124789  29.451615 1447.510815  36.884138   1.828103   2.910445
  0.324480   0.150000  33.613614 1451.780902  36.970851   1.546584   2.010489
  0.465691   0.166746  32.324910 1448.190953  35.375576   1.754564   2.489616
  0.996917  -0.049682  26.098479 1449.803147  43.532885   2.231499   2.742228
  0.773532   0.125022  25.629585 1450.265465  36.255299   2.341175   2.814666
  0.100000   0.100000  40.141817 1457.506256  47.465523   1.435363   1.740371
  0.857715   0.069652  25.476577 1457.183060  43.867819   2.525689   2.854641
  1.256081  -0.663302  22.356898 1444.627936  46.279570   2.613054   3.469021
  1.238516  -0.420155  23.296561 1447.431055  53.558825   2.511706   3.079356
  1.156281  -0.099779  21.916800 1445.137364  44.504142   2.686206   3.582310
  0.173509   0.150000  35.077749 1460.108266  44.279205   1.778372   2.166843
  0.482324   0.233282  29.987006 1449.896383  35.797431   1.711602   2.554846
  0.366329   0.216438  33.739836 1453.051737  36.589176   1.865527   2.099467
  0.573212   0.224211  29.134381 1449.287245  35.171015   2.064034   2.556490
  0.300000   0.224290  32.570934 1456.429554  40.513307   1.960311   2.255021
  0.050000   0.100000  44.118329 1458.592309  47.541046   1.513732   1.799533
  0.673631   0.224476  28.186799 1450.507502  37.496059   1.929192   2.855398
  0.224772   0.200000  32.077168 1458.712866  44.167672   1.463900   2.042350
  1.003365   0.093137  25.729939 1455.103698  58.893135   2.230558   2.731955
  0.773751   0.224684  25.627874 1451.056174  40.440457   2.151380   2.805402
  0.100000   0.172748  36.933683 1460.036245  45.447538   1.514333   2.003120
 -0.050000   0.050000  44.394681 1457.551208  51.988528   1.090978   1.722118
  1.281187  -0.225061  20.220193 1447.777950  39.854976   3.478173   4.556650
  0.874073   0.199259  25.198750 1454.774049  46.113139   2.103175   2.812487
  0.383072   0.282833  32.137636 1452.984261  36.804518   1.764849   2.616716
  1.147593   0.049967  20.902141 1448.955735  55.051387   3.064042   4.043724
  0.000000   0.100000  43.140285 1459.741173  47.447093   1.377685   1.910014
  0.150000   0.223398  35.159532 1460.910730  43.997230   1.661775   2.103519
  0.050000   0.150000  39.733183 1459.797494  46.241509   1.512977   1.784840
  0.224941   0.250000  33.238654 1461.980670  44.696250   1.823867   2.206082
  0.988599   0.212240  25.424338 1458.370859  51.890492   2.133803   2.928150
  0.465833   0.316261  30.857112 1451.804093  37.197210   1.998088   2.420449
  0.536745   0.348008  29.612100 1452.129658  35.685475   1.964829   2.487470
  0.624038   0.324388  27.449172 1451.174451  35.177381   1.753814   2.606964
 -0.050000   0.100000  40.487416 1459.123373  47.642292   1.306726   1.843900
 -0.100000   0.050000  40.173096 1457.375234  49.512256   1.596352   1.665920
  0.000000   0.150000  39.879918 1460.189931  46.107610   1.610547   1.747416
 -0.173249   0.000000  38.581138 1458.791776  44.388466   1.527364   1.933853
  0.315778   0.332087  31.838711 1457.412139  38.710099   1.923104   2.404204
 -0.250000  -0.124748  36.869600 1457.429204  40.611794   1.356426   2.029731
  0.050000   0.222827  37.841245 1462.254570  44.956186   1.585016   1.664994
  0.719401   0.338898  27.686814 1450.885908  35.164003   1.884526   2.647875
  0.224992   0.300000  32.468978 1461.512288  39.782179   1.537074   2.235832
 -0.324110  -0.250000  32.616291 1454.629154  37.966179   1.813543   2.051358
 -0.123306   0.100000  38.710656 1458.726766  44.365932   1.440575   1.848668
  0.100000   0.273485  35.466690 1461.366652  43.679783   1.492227   2.000664
 -0.050000   0.150000  39.401623 1460.665447  46.033337   1.505405   1.821256
 -0.150000   0.050000  38.234664 1458.759989  46.297108   1.459109   1.973878
  0.000000   0.222877  37.245930 1463.213468  44.860708   1.499661   1.921260
  0.383251   0.382454  30.511529 1456.194724  40.574654   2.092678   2.342137
 -0.324158  -0.200000  35.540368 1456.110101  36.583564   1.734629   2.051440
  0.150000   0.323957  34.722213 1461.361498  42.476797   1.351750   1.897859
  0.846876   0.324159  24.900141 1451.899634  36.470986   2.453445   3.445925
 -0.250000  -0.025129  36.675425 1456.493624  41.674080   1.539312   2.198291
 -0.374141  -0.350000  32.387088 1453.976251  38.861747   1.727000   2.313354
 -0.324117  -0.150000  34.844661 1456.974072  38.280934   1.668761   2.163469
 -0.100000   0.173266  39.315857 1462.460310  44.873831   1.496379   1.627547
  0.217043   0.365805  34.340426 1462.965581  40.920390   1.868603   1.920104
 -0.050000   0.223090  37.973257 1463.727938  44.333946   1.499915   2.311748
 -0.373980  -0.300000  32.990908 1454.599947  36.938874   1.672253   2.295600
 -0.223701   0.050000  37.642973 1459.010704  41.196360   1.283296   1.926740
  1.147703   0.198978  21.466204 1456.524546  53.958980   2.990585   3.588899
  0.473758   0.423613  28.696126 1454.624483  35.604282   2.022352   2.369079
 -0.323904  -0.100000  33.404320 1458.802907  39.416245   1.714987   2.172676
  0.608636   0.429353  27.088621 1451.961849  36.161201   2.060294   2.765964
  0.050000   0.323502  34.276768 1461.675711  44.554911   1.752269   2.247175
  1.307264   0.024828  20.498933 1449.112441  43.517265   2.816536   3.820599
  0.315597   0.431885  30.064766 1457.016151  37.716679   1.905993   2.542435
  0.747473   0.462300  26.692317 1453.771618  38.183549   2.123780   2.479692
  0.233716   0.432333  31.146438 1460.470333  39.360408   1.754562   2.201820
 -0.173551   0.150000  36.428273 1461.008416  43.428762   1.539441   2.056992
  0.996745   0.347958  23.242523 1452.259140  45.769176   2.122480   3.490602
  0.100000   0.373862  32.408002 1460.949056  41.556610   1.928758   2.211297
 -0.223667   0.100000  36.607109 1459.746304  40.880806   1.579360   2.081571
  0.000000   0.323425  34.076838 1461.686221  45.515406   1.691025   2.340839
  0.382987   0.482681  29.073208 1453.783055  38.561668   1.839383   2.588490
 -0.323538  -0.050000  32.927548 1458.050513  40.574225   1.487461   1.949392
  0.871055   0.441028  24.584823 1455.916296  40.261871   1.941990   2.948050
  0.133870   0.432325  32.949733 1459.431647  41.792527   1.676182   2.297733
 -0.173726   0.200000  34.768409 1463.697482  44.756510   1.480347   2.239003
 -0.124007   0.250000  35.054057 1464.108108  42.774488   1.579609   2.328646
 -0.050000   0.323674  34.495464 1464.055394  44.712282   1.725363   2.340902
 -0.323247   0.000000  33.485375 1458.928492  40.642454   1.586187   2.246824
 -0.415430  -0.432491  33.052894 1451.461370  35.066935   1.703740   2.042669
 -0.431802  -0.515151  33.155219 1450.972206  39.936555   1.948063   2.471840
 -0.432698  -0.233354  34.618120 1454.467783  35.554831   1.599698   2.218020
  0.473908   0.524031  27.544835 1457.145645  42.404329   1.947081   2.813795
 -0.323078   0.050000  35.098075 1457.477348  40.566732   1.770210   2.187441
  0.588486   0.519532  27.010738 1456.749171  38.755297   2.180322   3.055531
  0.050000   0.423819  33.443953 1460.691831  44.042532   1.868630   2.295231
 -0.100000   0.323915  34.407834 1465.923861  44.128114   1.612803   2.144337
 -0.400000  -0.174824  35.035672 1456.790686  38.158604   1.649408   2.001926
 -0.250000   0.173866  35.245766 1461.590998  42.031774   1.748645   2.110416
  0.274505   0.524100  30.175503 1459.581788  36.439351   1.874347   2.508681
 -0.323124   0.100000  34.070245 1460.039127  37.343744   1.557073   2.401814
  0.000000   0.423681  32.676748 1463.808421  43.804041   1.952878   1.903282
 -0.423879  -0.100000  32.724540 1458.892704  41.156817   1.751945   2.379228
 -0.224227   0.250000  33.864419 1464.624019  43.994070   1.544321   2.132257
 -0.174446   0.300000  33.689218 1465.316472  42.729708   1.852138   1.988919
  0.174840   0.524118  30.683704 1460.735648  37.197834   1.860620   2.350219
 -0.433165  -0.632905  30.903578 1453.771858  44.599097   1.840319   2.662806
 -0.465689  -0.367010  32.409061 1454.587556  35.201740   1.625791   2.187263
 -0.482529  -0.283404  33.049903 1452.904269  36.233132   1.729222   2.373571
 -0.431726  -0.034805  33.555894 1457.421862  42.690540   1.853743   2.354857
 -0.331558   0.165399  35.786176 1460.204344  36.839402   1.505628   2.123031
 -0.066014   0.432047  33.427814 1467.923973  41.795400   1.658447   2.376791
  0.373870   0.573960  30.026158 1457.483725  43.371519   1.585981   2.338764
 -0.424558  -0.724593  28.180539 1449.292663  41.738131   2.085904   2.570650
 -0.415152   0.032035  33.590881 1461.972083  42.004857   1.783126   2.419331
 -0.474061  -0.150000  34.344199 1453.759245  38.644719   1.729362   2.114758
  0.274453   0.623959  29.032622 1460.708100  37.956431   2.315577   2.445930
 -0.182512   0.365570  35.300516 1464.870073  40.175417   1.551870   2.124064
  0.083353   0.516053  32.334405 1457.522873  40.704752   2.025761   1.868286
 -0.315365   0.232344  34.619667 1465.734331  39.316447   1.579236   2.159068
 -0.124882   0.400000  32.853660 1465.900534  43.355366   1.757437   2.218661
 -0.324895  -0.947186  27.916491 1451.027777  35.227724   2.158558   2.374980
  0.698110   0.574588  25.465626 1456.033979  42.410280   2.484045   2.873875
  0.847583   0.588419  24.998350 1460.714383  45.372404   2.615441   3.664511
  0.175086   0.623685  29.349568 1459.824179  38.658641   1.719165   2.609845
  1.164016   0.361137  20.813732 1457.381063  38.491834   2.838971   4.649069
  0.458320   0.629547  28.536557 1451.924879  35.990356   2.040005   2.711246
  0.582061   0.639907  27.469061 1454.115826  42.995755   2.394962   3.032483
 -0.265838   0.332488  35.596444 1466.164268  37.327796   1.619070   2.491178
 -0.032399   0.515331  31.787022 1464.832316  42.867494   1.784642   2.373216
 -0.431883   0.115655  31.166484 1464.414606  42.253457   1.957178   2.818722
  1.304690   0.218119  19.477638 1456.644500  44.028173   3.402555   4.075739
  1.027668   0.518607  24.012099 1454.277680  37.918268   2.734201   3.202037
  0.017843   0.565280  29.804477 1463.063752  43.476332   2.047643   2.484015
  0.330240   0.707411  28.672719 1457.391681  41.877144   2.068387   2.433783
 -0.532062  -0.215721  35.388070 1451.982505  34.340272   1.523321   2.319828
 -0.182608   0.465434  31.680212 1464.405169  40.975328   1.889628   2.126078
 -0.332306   0.316128  34.166258 1467.477890  36.736615   1.617732   1.925488
 -0.515526  -0.432394  31.203781 1451.620409  36.488580   1.753702   2.361481
 -0.415532   0.182567  32.738724 1463.030634  38.433193   1.967912   2.602447
  0.075603   0.623574  30.761551 1461.995318  43.966159   1.831676   2.242989
 -0.117233   0.515495  30.528024 1463.852376  39.847591   1.911669   2.696340
  0.225040   0.723201  26.943038 1460.219964  42.649725   2.255085   3.048969
 -0.516113  -0.083846  33.918808 1456.305315  42.481215   1.808426   2.002517
 -0.524271  -0.524151  31.317457 1454.979540  39.951121   1.882444   2.506421
 -0.266304   0.432497  33.378649 1464.008521  37.549995   2.030539   2.268560
  0.746307   0.691044  25.853892 1457.456797  38.424594   2.437934   3.252102
  0.124999   0.723582  27.467903 1461.355618  39.287335   2.162929   2.926431
 -0.523926   0.024202  30.285703 1457.645374  40.963029   2.013345   2.663735
  0.447105   0.723893  25.761117 1455.119842  41.714676   2.450505   3.045112
  0.604822   0.763926  26.458556 1456.264146  42.153539   2.387381   2.700776
 -0.432563   0.266375  30.297578 1465.433366  36.411641   2.257700   2.621242
 -0.565424  -0.332450  33.385817 1453.208442  36.559723   1.885439   2.258043
 -0.333020   0.416225  32.663677 1467.672211  37.785187   1.979048   2.392500
 -0.074996   0.624168  28.522160 1464.707191  44.044105   2.225791   2.653255
 -0.581670  -0.165902  34.035624 1460.222491  39.287248   1.861545   2.305057
 -0.582040  -0.415796  29.952744 1452.948448  37.633826   2.174462   2.699262
 -0.524522  -0.624332  29.959168 1451.696546  42.546410   2.221634   2.376879
 -0.524016   0.124540  28.090290 1460.664030  39.804210   1.904848   2.390464
 -0.175030   0.573905  29.477651 1462.225887  40.796232   1.671768   2.420093
 -0.416266   0.333404  31.224670 1468.581716  37.864913   1.749069   2.327268
 -0.582303  -0.066693  31.854397 1458.680546  40.670071   1.763358   2.321747
 -0.424593  -0.824166  28.915252 1451.880694  43.555778   1.842525   2.735170
  0.000116   0.698626  29.759961 1460.893385  46.423312   1.938351   2.364049
 -0.616187  -0.516579  30.326698 1452.293788  44.487746   1.982127   2.761713
 -0.275154   0.523769  31.686160 1466.123055  35.606588   1.825117   2.623054
 -0.615720   0.032434  27.698072 1461.169850  42.786223   2.284176   2.576114
 -0.632437  -0.233740  32.683285 1457.075614  34.760943   1.758018   2.581824
 -0.632462  -0.316048  32.716652 1456.433416  40.679822   1.698339   2.067890
 -0.524129   0.225231  29.020551 1464.742614  35.564271   2.224272   2.805973
 -0.255074  -1.091574  25.338207 1453.576416  44.250097   2.577855   2.754912
 -0.524492  -0.724660  27.155749 1449.893763  40.857535   2.053867   2.683077
  0.049601   0.786690  26.797551 1462.197495  36.678239   2.373227   3.428154
  0.199640   0.823893  26.801308 1456.911488  45.038528   2.135242   2.696056
 -0.432379   0.415880  32.475558 1467.252364  35.627953   2.102511   2.418085
 -0.275044   0.623920  28.781001 1464.774277  35.259350   2.234193   2.484681
  0.950393   0.682093  24.863969 1470.563583  48.912461   3.064614   3.463766
 -0.429132  -0.937422  27.947487 1450.946326  41.998640   2.006018   2.705013
 -0.524064   0.325254  28.829436 1460.970729  36.433370   1.982298   2.711001
 -0.174840   0.674139  26.696019 1469.805424  42.616722   2.091344   2.817877
 -0.673729  -0.125458  29.425381 1461.944756  42.672139   1.811751   2.541921
 -0.383587   0.482173  34.502403 1466.948919  34.166228   1.659870   2.286085
 -0.619328   0.139841  31.474718 1463.725919  37.423101   1.986736   2.530649
  0.335937   0.839686  24.293670 1465.369349  40.496775   2.382110   3.312359
  0.463574   0.862115  25.218958 1465.046244  41.805364   2.114300   3.268338
 -0.099842   0.748707  28.293526 1463.206435  42.743522   1.882212   3.107084
 -0.674140  -0.025477  28.149602 1460.977978  45.332051   2.294291   2.768417
 -0.674060  -0.424601  29.839119 1455.028643  39.582712   1.862738   2.430459
 -0.624462  -0.624380  29.100895 1452.929437  42.653045   2.138108   2.646045
  0.860817   0.776826  25.815436 1465.968109  55.768715   2.894607   3.275769
 -0.369864   0.587556  29.477205 1467.778405  34.061676   1.711000   2.525406
 -0.539053  -0.819649  26.421790 1450.305169  40.734511   2.392043   2.606045
 -0.523816   0.424389  29.432960 1460.822551  33.699266   1.607429   2.435124
 -0.724182  -0.225137  29.402257 1455.265915  37.499777   1.803608   2.506105
 -0.629011   0.261019  29.635834 1464.135104  35.995819   1.817669   2.391846
 -0.724366  -0.324795  27.790286 1455.512842  36.319683   2.647241   3.135515
 -0.698348  -0.562100  27.332965 1458.335263  42.563864   1.804487   2.292183
  0.199140   0.924266  23.147297 1458.729720  41.939474   2.602478   3.573615
 -0.474006   0.523540  28.895818 1463.852342  31.070835   1.908977   2.553264
 -0.324540   0.724240  26.353108 1466.553865  40.205876   2.403933   2.936373
  0.722227   0.880638  24.309016 1460.589493  50.923279   2.257681   3.280882
  0.567632   0.977806  24.460246 1459.238986  37.941597   2.336386   3.420989
 -0.050331   0.848717  28.293086 1467.035433  34.409986   2.400326   2.699960
  0.056055   0.904882  27.119077 1463.906952  35.801792   2.187276   2.799947
 -0.249483   0.758441  28.825330 1468.128055  33.633625   1.974485   2.269136
  1.117889   0.703374  22.763177 1462.071919  33.499898   2.794392   3.765388
  1.247685   0.504787  20.904016 1470.312645  48.315567   3.501480   4.470474
 -0.748988   0.048971  27.822760 1459.615068  47.091478   2.370456   2.632803
 -0.623996   0.398778  29.778157 1463.149283  34.453112   1.746524   2.825426
 -0.185599   0.848616  27.055240 1469.172932  40.427121   2.483627   2.826568
 -0.719135   0.158855  27.300938 1462.396645  41.387069   2.516028   2.646783
 -0.459261   0.629421  26.833602 1464.553206  31.489986   2.246999   2.929417
 -0.774106  -0.125327  26.920844 1462.900486  46.156059   2.221547   3.004942
 -0.808207  -0.030623  27.280853 1471.036264  49.433653   2.358728   2.651135
 -0.629203  -0.738505  27.091772 1452.055422  41.114799   2.267395   2.579889
 -0.748454  -0.487174  28.635772 1454.715381  41.335134   1.848620   2.208863
 -0.597089   0.523951  29.429955 1465.126639  36.486283   2.022701   2.483570
  0.367488   1.026354  26.210600 1460.724600  43.203360   2.156127   2.877355
 -0.747540   0.275174  27.023469 1468.700616  32.485344   1.934661   2.749709
 -0.424659   0.748186  27.178119 1463.458866  39.592109   2.073209   2.908127
 -0.798869  -0.399025  29.331370 1455.173846  36.591825   2.041323   2.746231
 -0.092333   0.957347  25.410161 1466.772252  34.007544   2.563382   3.036884
 -0.824558  -0.225435  27.660058 1459.131312  36.872276   2.230438   2.707063
 -0.747281   0.374631  26.255479 1464.752210  33.735251   2.404905   2.855504
 -0.719490   0.489017  26.386042 1462.202650  39.516750   2.075662   2.730271
  0.055153   1.041845  25.315160 1463.670161  33.643228   2.278311   2.710431
 -0.597879   0.624511  27.058474 1464.738307  35.311569   1.983589   2.932360
  0.202937   1.065193  24.654908 1466.351797  38.890278   2.293847   3.206131
 -0.357273   0.856834  26.672737 1462.156156  36.300980   2.498221   2.934273
 -0.858672  -0.319391  28.534579 1460.522774  37.937410   1.960662   2.751056
 -0.848804   0.124370  25.559318 1459.529418  44.857113   2.439021   2.923551
  1.014171   0.935805  24.253616 1466.183483  57.033905   2.686738   3.655517
 -0.524419   0.748133  25.477411 1463.833812  39.136501   2.345573   2.704574
 -0.274138   0.949018  26.748384 1465.523393  43.766901   2.235321   3.058161
 -0.870358   0.235346  27.632887 1465.224789  37.382671   2.137640   2.774740
 -0.524754  -0.946961  27.501760 1448.869283  39.572893   2.239963   3.642835
 -0.878879  -0.111209  26.912784 1464.778051  46.902877   2.245600   2.600331
 -0.748823  -0.649058  27.964650 1455.435342  34.198795   2.213902   2.610225
 -0.908655   0.030218  26.158226 1465.869514  40.585819   2.009377   2.759166
 -0.404714  -1.080311  25.848457 1450.891673  43.068901   2.267720   2.766894
 -0.185592   1.048401  25.802071 1468.039503  35.181228   2.368904   2.642737
  0.838933   1.011143  23.432857 1465.534122  46.725456   2.853481   3.587878
 -0.719022  -0.758231  26.411185 1453.046776  39.749970   2.120581   2.990970
  0.669470   1.157182  23.991493 1468.954758  47.920638   2.506237   3.253795
 -0.648449   0.748211  27.362286 1465.465769  33.347686   2.168868   2.646531
 -0.051463   1.121393  25.050207 1469.611746  42.445880   2.237966   3.105534
 -0.504358   0.891863  26.902964 1460.373857  36.166748   2.027220   2.770711
  0.327655   1.250947  25.242327 1464.163008  48.677722   2.716809   3.233842
  0.123131   1.244821  26.315507 1466.476717  41.614597   2.148971   2.748470
 -0.754958   0.605390  26.520423 1467.223463  39.920239   2.307568   3.021047
  0.507727   1.228330  22.909607 1462.909578  40.140973   2.877370   3.456645
 -0.849137   0.463609  25.980696 1468.549761  40.111216   2.096415   3.169039
 -0.923998  -0.225629  25.111201 1460.005204  35.701646   2.305083   2.818534
 -0.924186   0.349641  26.794981 1465.634518  35.304609   2.512016   2.436212
 -0.984714   0.149144  25.570976 1466.612758  46.760051   2.165705   2.783716
 -0.829211  -0.588733  26.526001 1457.975473  41.626340   2.053833   2.586431
 -0.404903   1.013685  24.994206 1465.020951  37.595244   2.586126   3.275909
 -0.879362  -0.459310  26.882437 1458.523105  41.474641   2.075523   2.466222
 -0.624333  -0.897863  25.965867 1451.769594  37.845902   2.209709   2.936984
 -0.973661  -0.374428  24.639060 1458.675331  43.083733   2.470176   3.032953
 -0.902656   0.614970  25.904675 1470.661418  36.273664   2.322322   2.926413
 -0.998390  -0.075006  26.700579 1463.859880  46.545410   1.913510   2.563212
 -1.008121  -0.169621  23.784327 1459.157105  43.998276   2.511619   3.490224
 -0.303992   1.130346  24.789298 1463.427874  36.906948   2.458702   2.666720
 -0.672127   0.898145  26.263642 1467.097425  31.413568   2.141485   2.834322
 -1.048991   0.274989  26.420435 1468.414450  46.511813   2.169782   2.687908
 -1.024460  -0.292784  27.521539 1463.093015  39.883197   2.022003   2.770846
 -0.813361   0.760035  24.502556 1467.485333  35.689644   2.651724   2.838143
 -1.050490   0.049778  26.330145 1484.697182  52.380731   2.351049   2.342418
 -0.175200   1.216445  26.465386 1466.126788  37.148453   2.282321   2.921315
 -0.548427   1.047501  22.359939 1459.892479  36.005943   2.834082   3.090517
 -0.841658  -0.735019  25.761328 1461.686018  35.820775   2.364032   2.906017
 -0.924278  -0.599243  24.932970 1455.863004  38.357920   2.453216   3.069001
 -0.997844  -0.474599  25.873315 1461.210516  47.508943   2.528075   3.074777
 -1.020137   0.465744  26.346823 1468.898112  36.102171   2.482765   2.710736
 -0.748595  -0.884901  24.396534 1456.567273  44.769766   2.038761   2.910742
 -0.050511   1.313271  22.070914 1463.295434  43.553616   2.650172   3.087270
 -1.177305   0.177173  24.637283 1472.839374  49.592991   2.334525   3.205409
 -0.452168   1.203956  23.736823 1463.857879  42.334368   2.670104   3.571415
 -0.886591   0.948437  23.863548 1466.275397  42.166141   2.723078   3.281179
 -0.326481  -1.250737  23.924737 1455.457617  42.033241   2.408139   3.198910
 -0.549705  -1.121812  25.853124 1455.004282  37.924381   2.402878   2.966788
 -0.884522  -0.848836  23.055133 1464.085801  45.341865   2.413217   3.335228
 -0.685842  -1.011169  26.951500 1456.454021  42.773084   2.254478   2.945950
 -1.160704  -0.030351  26.857792 1471.668100  45.391199   2.492880   3.269240
 -1.141692  -0.185798  22.998163 1468.184699  43.442031   2.613908   3.139224
 -1.180843   0.387455  25.372554 1460.622409  36.411642   2.173666   2.659516
 -1.120665  -0.410389  27.245204 1467.354883  43.929565   2.214683   2.723541
 -1.048179  -0.599252  25.851498 1461.355150  48.984155   2.373880   2.964831
 -1.198864  -0.285803  20.676315 1464.607844  43.018040   2.590805   3.751072
 -1.037341   0.811263  25.055991 1461.148072  35.654583   2.766764   2.956333
 -1.090506   0.617701  24.786333 1465.707049  29.896302   2.239018   2.656826
 -1.341383   0.060742  22.094615 1474.442309  44.616554   2.930973   3.269347
 -0.724182   1.067986  23.409394 1465.686405  49.152921   2.748223   2.842746
 -0.998053  -0.748964  25.746046 1459.150062  41.398473   2.089402   3.148293
 -1.224043  -0.537459  22.473603 1465.701149  50.345131   2.833898   2.778571
 -0.848451  -1.007892  26.219276 1453.593447  39.623532   2.415636   2.950340
 -0.727195  -1.144921  23.955478 1461.281854  35.797081   2.373513   3.196867
 -1.199487  -0.752945  23.879142 1459.694026  51.112474   2.654039   3.029506
 -1.328109  -0.155886  22.324642 1465.105462  42.139737   2.812061   3.598577
 -0.620263   1.223295  23.086684 1473.598686  49.923841   3.089391   3.788806
 -0.298864   1.302040  20.134671 1465.653599  43.594627   2.899043   4.167029
 -1.050394  -0.918141  24.354164 1458.763396  43.665649   2.583522   3.396357
 -1.331772  -0.373480  21.813334 1466.049107  46.967030   2.973388   3.689450
  0.908526   1.183588  22.369005 1466.496127  40.357860   2.491094   3.332930
  1.233588   0.893416  20.096953 1460.430837  59.454146   3.297468   4.465455
 -0.993606  -1.085590  23.434951 1460.712116  43.204971   2.490182   3.389990
